0.000000000000000000e+00 0.000000000000000000e+00
0.000000000000000000e+00 0.000000000000000000e+00
0.000000000000000000e+00 0.000000000000000000e+00
0.000000000000000000e+00 0.000000000000000000e+00
0.000000000000000000e+00 0.000000000000000000e+00
0.000000000000000000e+00 0.000000000000000000e+00
0.000000000000000000e+00 0.000000000000000000e+00
0.000000000000000000e+00 0.000000000000000000e+00
0.000000000000000000e+00 0.000000000000000000e+00
0.000000000000000000e+00 0.000000000000000000e+00
0.000000000000000000e+00 0.000000000000000000e+00
0.000000000000000000e+00 0.000000000000000000e+00
0.000000000000000000e+00 0.000000000000000000e+00
0.000000000000000000e+00 0.000000000000000000e+00
0.000000000000000000e+00 0.000000000000000000e+00
0.000000000000000000e+00 0.000000000000000000e+00
0.000000000000000000e+00 0.000000000000000000e+00
0.000000000000000000e+00 0.000000000000000000e+00
0.000000000000000000e+00 0.000000000000000000e+00
0.000000000000000000e+00 0.000000000000000000e+00
0.000000000000000000e+00 0.000000000000000000e+00
0.000000000000000000e+00 0.000000000000000000e+00
0.000000000000000000e+00 0.000000000000000000e+00
0.000000000000000000e+00 0.000000000000000000e+00
0.000000000000000000e+00 0.000000000000000000e+00
0.000000000000000000e+00 0.000000000000000000e+00
0.000000000000000000e+00 0.000000000000000000e+00
0.000000000000000000e+00 0.000000000000000000e+00
0.000000000000000000e+00 0.000000000000000000e+00
0.000000000000000000e+00 0.000000000000000000e+00
0.000000000000000000e+00 0.000000000000000000e+00
0.000000000000000000e+00 0.000000000000000000e+00
0.000000000000000000e+00 0.000000000000000000e+00
0.000000000000000000e+00 0.000000000000000000e+00
0.000000000000000000e+00 0.000000000000000000e+00
0.000000000000000000e+00 0.000000000000000000e+00
0.000000000000000000e+00 0.000000000000000000e+00
0.000000000000000000e+00 0.000000000000000000e+00
0.000000000000000000e+00 0.000000000000000000e+00
0.000000000000000000e+00 0.000000000000000000e+00
0.000000000000000000e+00 0.000000000000000000e+00
0.000000000000000000e+00 0.000000000000000000e+00
0.000000000000000000e+00 0.000000000000000000e+00
0.000000000000000000e+00 0.000000000000000000e+00
0.000000000000000000e+00 0.000000000000000000e+00
0.000000000000000000e+00 0.000000000000000000e+00
0.000000000000000000e+00 0.000000000000000000e+00
0.000000000000000000e+00 0.000000000000000000e+00
0.000000000000000000e+00 0.000000000000000000e+00
0.000000000000000000e+00 0.000000000000000000e+00
0.000000000000000000e+00 0.000000000000000000e+00
0.000000000000000000e+00 0.000000000000000000e+00
0.000000000000000000e+00 0.000000000000000000e+00
0.000000000000000000e+00 0.000000000000000000e+00
0.000000000000000000e+00 0.000000000000000000e+00
0.000000000000000000e+00 0.000000000000000000e+00
0.000000000000000000e+00 0.000000000000000000e+00
0.000000000000000000e+00 0.000000000000000000e+00
0.000000000000000000e+00 0.000000000000000000e+00
0.000000000000000000e+00 0.000000000000000000e+00
0.000000000000000000e+00 0.000000000000000000e+00
0.000000000000000000e+00 0.000000000000000000e+00
0.000000000000000000e+00 0.000000000000000000e+00
4.279999999999999916e-01 2.260000000000000064e-01
4.530000000000000138e-01 2.520000000000000018e-01
6.290000000000000036e-01 2.520000000000000018e-01
6.290000000000000036e-01 2.770000000000000240e-01
6.540000000000000258e-01 2.770000000000000240e-01
6.470000000000000195e-01 3.109999999999999987e-01
1.082000000000000073e+00 3.270000000000000129e-01
1.082000000000000073e+00 3.519999999999999796e-01
1.276000000000000023e+00 3.729999999999999982e-01
0.000000000000000000e+00 0.000000000000000000e+00
0.000000000000000000e+00 0.000000000000000000e+00
0.000000000000000000e+00 0.000000000000000000e+00
0.000000000000000000e+00 0.000000000000000000e+00
0.000000000000000000e+00 0.000000000000000000e+00
0.000000000000000000e+00 0.000000000000000000e+00
0.000000000000000000e+00 0.000000000000000000e+00
0.000000000000000000e+00 0.000000000000000000e+00
0.000000000000000000e+00 0.000000000000000000e+00
0.000000000000000000e+00 0.000000000000000000e+00
0.000000000000000000e+00 0.000000000000000000e+00
0.000000000000000000e+00 0.000000000000000000e+00
0.000000000000000000e+00 0.000000000000000000e+00
0.000000000000000000e+00 0.000000000000000000e+00
0.000000000000000000e+00 0.000000000000000000e+00
0.000000000000000000e+00 0.000000000000000000e+00
0.000000000000000000e+00 0.000000000000000000e+00
0.000000000000000000e+00 0.000000000000000000e+00
0.000000000000000000e+00 0.000000000000000000e+00
0.000000000000000000e+00 0.000000000000000000e+00
0.000000000000000000e+00 0.000000000000000000e+00
0.000000000000000000e+00 0.000000000000000000e+00
0.000000000000000000e+00 0.000000000000000000e+00
0.000000000000000000e+00 0.000000000000000000e+00
0.000000000000000000e+00 0.000000000000000000e+00
0.000000000000000000e+00 0.000000000000000000e+00
0.000000000000000000e+00 0.000000000000000000e+00
0.000000000000000000e+00 0.000000000000000000e+00
0.000000000000000000e+00 0.000000000000000000e+00
0.000000000000000000e+00 0.000000000000000000e+00
0.000000000000000000e+00 0.000000000000000000e+00
0.000000000000000000e+00 0.000000000000000000e+00
0.000000000000000000e+00 0.000000000000000000e+00
0.000000000000000000e+00 0.000000000000000000e+00
0.000000000000000000e+00 0.000000000000000000e+00
0.000000000000000000e+00 0.000000000000000000e+00
0.000000000000000000e+00 0.000000000000000000e+00
0.000000000000000000e+00 0.000000000000000000e+00
5.530000000000000471e-01 2.270000000000000073e-01
5.350000000000000311e-01 2.640000000000000124e-01
0.000000000000000000e+00 0.000000000000000000e+00
6.790000000000000480e-01 3.519999999999999796e-01
0.000000000000000000e+00 0.000000000000000000e+00
1.034000000000000030e+00 4.759999999999999787e-01
1.022000000000000020e+00 4.789999999999999813e-01
8.669999999999999929e-01 2.869999999999999774e-01
8.750000000000000000e-01 3.980000000000000204e-01
9.979999999999999982e-01 4.490000000000000102e-01
0.000000000000000000e+00 0.000000000000000000e+00
6.012999999999999901e+00 1.508999999999999897e+00
6.038000000000000256e+00 1.534999999999999920e+00
0.000000000000000000e+00 0.000000000000000000e+00
0.000000000000000000e+00 0.000000000000000000e+00
0.000000000000000000e+00 0.000000000000000000e+00
6.490999999999999659e+00 1.584999999999999964e+00
0.000000000000000000e+00 0.000000000000000000e+00
6.615999999999999659e+00 1.610000000000000098e+00
6.666999999999999815e+00 1.610000000000000098e+00
7.371000000000000441e+00 1.610000000000000098e+00
7.421000000000000263e+00 1.584999999999999964e+00
7.599000000000000199e+00 1.572999999999999954e+00
8.955999999999999517e+00 1.560000000000000053e+00
9.134000000000000341e+00 1.534999999999999920e+00
9.182000000000000384e+00 1.534999999999999920e+00
9.335000000000000853e+00 1.534999999999999920e+00
9.409000000000000696e+00 1.508999999999999897e+00
9.433999999999999275e+00 1.483999999999999986e+00
9.509999999999999787e+00 1.497000000000000108e+00
9.560000000000000497e+00 1.510000000000000009e+00
9.585000000000000853e+00 1.534999999999999920e+00
9.609999999999999432e+00 1.534999999999999920e+00
9.660999999999999588e+00 1.534999999999999920e+00
9.660000000000000142e+00 1.534999999999999920e+00
9.736000000000000654e+00 1.534999999999999920e+00
9.785999999999999588e+00 1.560000000000000053e+00
9.811999999999999389e+00 1.622999999999999998e+00
9.912000000000000810e+00 1.661000000000000032e+00
9.913000000000000256e+00 1.685999999999999943e+00
9.938000000000000611e+00 1.749000000000000110e+00
0.000000000000000000e+00 0.000000000000000000e+00
9.987000000000000099e+00 1.862000000000000099e+00
1.001299999999999990e+01 1.937000000000000055e+00
1.001299999999999990e+01 1.987000000000000099e+00
1.006300000000000061e+01 2.037999999999999812e+00
1.008799999999999919e+01 2.112999999999999989e+00
1.011299999999999955e+01 2.164000000000000146e+00
1.020400000000000063e+01 2.129999999999999893e+00
1.018900000000000006e+01 2.263999999999999790e+00
1.016399999999999970e+01 2.339999999999999858e+00
1.016399999999999970e+01 2.365000000000000213e+00
1.013799999999999990e+01 2.415000000000000036e+00
1.026399999999999935e+01 2.415000000000000036e+00
1.018900000000000006e+01 2.464999999999999858e+00
0.000000000000000000e+00 0.000000000000000000e+00
1.033399999999999963e+01 1.641999999999999904e+00
1.028400000000000070e+01 2.592999999999999972e+00
1.030700000000000038e+01 2.580000000000000071e+00
1.023900000000000077e+01 2.616000000000000103e+00
1.026800000000000068e+01 2.616999999999999993e+00
1.018900000000000006e+01 2.591000000000000192e+00
1.032900000000000063e+01 1.995000000000000107e+00
1.026600000000000001e+01 2.641999999999999904e+00
1.021400000000000041e+01 2.641999999999999904e+00
1.021400000000000041e+01 2.641999999999999904e+00
1.028899999999999970e+01 2.641999999999999904e+00
1.033999999999999986e+01 2.666999999999999815e+00
1.036500000000000021e+01 2.666999999999999815e+00
1.039000000000000057e+01 2.641999999999999904e+00
1.050200000000000067e+01 2.697999999999999954e+00
1.043999999999999950e+01 4.163999999999999702e+00
1.041499999999999915e+01 4.214000000000000412e+00
1.095800000000000018e+01 4.070000000000000284e+00
1.064199999999999946e+01 4.277000000000000135e+00
1.066699999999999982e+01 5.785999999999999588e+00
1.064199999999999946e+01 7.094000000000000306e+00
1.069200000000000017e+01 7.144999999999999574e+00
1.071700000000000053e+01 7.924999999999999822e+00
1.079299999999999926e+01 7.886999999999999567e+00
1.079199999999999982e+01 9.182000000000000384e+00
1.079199999999999982e+01 9.157000000000000028e+00
1.079199999999999982e+01 4.126000000000000334e+00
1.079199999999999982e+01 4.150999999999999801e+00
1.084299999999999997e+01 9.157000000000000028e+00
1.084299999999999997e+01 4.150999999999999801e+00
1.081799999999999962e+01 4.126000000000000334e+00
1.084299999999999997e+01 4.100999999999999979e+00
1.086800000000000033e+01 9.082000000000000739e+00
1.086800000000000033e+01 9.082000000000000739e+00
1.085599999999999987e+01 9.070000000000000284e+00
